-3106 1016 -3093 1017
-2843 -1070 -2839 -1065
-2678 -841 -2672 -829
-2678 -863 -2654 -853
-2494 826 -2492 830
-2493 831 -2492 835
-2465 -580 -2458 -569
-2414 -1156 -2401 -1134
-2398 -37 -2390 -32
-2389 -645 -2381 -623
-2372 605 -2368 608
-2371 56 -2367 68
-2354 -114 -2349 -103
-2333 -225 -2325 -209
-2326 -114 -2322 -101
-2326 -98 -2322 -97
-2326 -80 -2322 -66
-2325 -228 -2304 -205
-2325 -242 -2300 -228
-2316 1746 -2315 1756
-2313 -65 -2305 -63
-2305 1739 -2299 1748
-2304 -225 -2300 -204
-2304 -2537 -2290 -2521
-2304 -228 -2287 -225
-2300 -225 -2287 -205
-2295 -261 -2291 -254
-2287 -225 -2270 -209
-2284 -2537 -2281 -2519
-2241 -2623 -2235 -2603
-2224 -539 -2221 -538
-2224 -526 -2221 -498
-2221 -526 -2220 -483
-2221 -560 -2200 -539
-2221 -539 -2199 -530
-2220 -526 -2199 -498
-2218 -577 -2215 -560
-2191 -2420 -2189 -2414
-2170 1677 -2163 1701
-2170 1669 -2157 1677
-2163 1701 -2157 1703
-2163 1682 -2124 1701
-2163 1677 -2120 1682
-2143 1701 -2126 1703
-2141 1703 -2128 1727
-2124 1682 -2111 1691
-2124 1691 -2106 1703
-2104 1462 -2095 1475
-2102 1682 -2100 1703
-2095 1460 -2088 1462
-2095 1462 -2077 1475
-2082 -1524 -2075 -1507
-2077 1460 -2056 1462
-2077 1466 -2056 1475
-2077 1462 -2049 1466
-2074 2413 -2071 2425
-2074 2410 -2065 2413
-2071 2413 -2065 2429
-2069 271 -2068 281
-2065 271 -2059 281
-2065 2413 -2052 2425
-2064 257 -2029 260
-2037 1462 -2034 1466
-2037 1473 -2031 1475
-2031 1565 -2028 1568
-2031 1550 -2023 1565
-2031 1475 -2022 1507
-2031 1462 -2019 1475
-2031 1522 -2019 1547
-2028 1565 -2023 1570
-2023 1565 -2019 1568
-2019 1534 -2015 1539
-2014 593 -2009 600
-2007 270 -1989 272
-1992 1395 -1991 1412
-1986 2213 -1982 2214
-1981 2504 -1971 2510
-1969 -2133 -1968 -2130
-1969 -2136 -1965 -2133
-1968 -2133 -1964 -2081
-1933 -574 -1911 -559
-1911 -609 -1903 -545
-1903 -574 -1898 -559
-1884 603 -1878 613
-1854 -375 -1844 -368
-1848 -1006 -1839 -1003
-1835 -1042 -1828 -1041
-1835 -1006 -1816 -999
-1828 -1041 -1816 -1016
-1828 -1048 -1814 -1041
-1825 162 -1823 194
-1811 162 -1805 179
-1805 156 -1802 194
-1805 202 -1802 220
-1805 46 -1777 52
-1802 162 -1796 179
-1800 89 -1779 93
-1800 -3 -1778 5
-1800 39 -1778 44
-1798 -990 -1789 -988
-1798 -21 -1778 46
-1798 52 -1778 57
-1795 -898 -1779 -896
-1793 162 -1787 179
-1785 -1026 -1779 -1016
-1785 -1015 -1779 -1014
-1780 2085 -1778 2106
-1779 -854 -1755 -845
-1777 -15 -1759 5
-1777 39 -1759 46
-1777 46 -1758 54
-1777 -1136 -1756 -1129
-1773 158 -1762 179
-1771 2085 -1759 2091
-1767 137 -1761 141
-1767 144 -1760 158
-1764 -65 -1762 -57
-1744 -1761 -1731 -1741
-1744 -1721 -1722 -1718
-1670 -1477 -1660 -1476
-1645 -629 -1639 -628
-1645 -602 -1639 -586
-1637 888 -1629 890
-1631 43 -1624 44
-1623 -620 -1621 -615
-1619 888 -1618 890
-1618 887 -1615 888
-1618 888 -1607 890
-1615 1837 -1604 1875
-1606 854 -1602 862
-1606 888 -1597 890
-1603 809 -1602 811
-1603 821 -1602 828
-1602 -541 -1600 -517
-1598 855 -1590 856
-1598 854 -1588 855
-1597 890 -1593 891
-1597 872 -1590 875
-1597 887 -1577 890
-1590 855 -1588 872
-1590 872 -1576 883
-1588 850 -1577 854
-1588 854 -1576 872
-1582 543 -1553 556
-1582 562 -1553 568
-1580 283 -1578 295
-1580 310 -1578 315
-1577 32 -1572 44
-1577 887 -1571 891
-1576 855 -1571 871
-1576 872 -1571 875
-1571 858 -1562 870
-1570 244 -1555 246
-1566 -2085 -1555 -2084
-1566 -2072 -1555 -2069
-1560 38 -1557 44
-1560 519 -1553 524
-1557 -776 -1552 -767
-1555 238 -1551 247
-1555 234 -1550 236
-1555 264 -1548 273
-1555 286 -1548 295
-1553 518 -1547 527
-1552 -792 -1548 -789
-1552 1266 -1546 1277
-1552 -767 -1544 -759
-1552 -789 -1541 -767
-1552 41 -1532 44
-1551 244 -1548 246
-1551 1666 -1541 1669
-1546 1686 -1538 1703
-1545 264 -1538 273
-1545 244 -1527 246
-1545 1266 -1524 1277
-1540 1441 -1535 1450
-1540 1440 -1529 1441
-1540 902 -1526 924
-1538 625 -1537 626
-1538 1666 -1537 1675
-1538 1686 -1537 1703
-1537 623 -1531 635
-1535 866 -1534 871
-1535 887 -1534 891
-1535 1441 -1527 1458
-1534 261 -1533 273
-1533 519 -1529 524
-1531 625 -1521 626
-1524 1443 -1522 1452
-1521 1441 -1519 1453
-1519 866 -1513 877
-1519 1440 -1510 1441
-1519 1448 -1510 1453
-1519 1441 -1496 1448
-1516 852 -1513 864
-1515 504 -1512 508
-1515 509 -1512 510
-1514 286 -1503 287
-1512 730 -1509 732
-1512 748 -1505 751
-1509 724 -1505 748
-1505 730 -1500 732
-1502 234 -1490 239
-1501 745 -1500 751
-1499 286 -1490 287
-1489 -285 -1471 -258
-1444 -413 -1443 -399
-1444 -386 -1420 -380
-1440 -331 -1426 -307
-1439 -300 -1426 -278
-1426 -300 -1421 -283
-1421 -289 -1420 -288
-1419 -386 -1418 -378
-1418 -405 -1417 -386
-1418 -386 -1408 -374
-1417 -1176 -1415 -1174
-1417 -423 -1415 -418
-1417 -406 -1413 -397
-1417 -397 -1413 -386
-1417 -104 -1413 -91
-1413 -104 -1410 -86
-1413 -435 -1408 -432
-1413 -423 -1408 -395
-1413 -395 -1408 -386
-1411 1021 -1403 1022
-1410 -104 -1397 -91
-1409 1622 -1399 1625
-1408 -386 -1404 -378
-1408 -405 -1388 -397
-1405 1591 -1402 1599
-1404 -378 -1402 -374
-1404 -393 -1388 -378
-1402 -436 -1398 -432
-1402 -423 -1398 -405
-1402 -397 -1398 -396
-1402 -332 -1398 -320
-1402 -363 -1388 -352
-1398 -341 -1388 -332
-1398 -322 -1388 -320
-1398 -332 -1387 -322
-1394 -104 -1393 -91
-1390 -112 -1388 -84
-1389 -1189 -1378 -1188
-1388 -89 -1387 -84
-1385 -1622 -1380 -1605
-1382 -438 -1349 -432
-1378 -1194 -1374 -1174
-1374 -1196 -1372 -1194
-1374 -1194 -1370 -1173
-1370 -1189 -1361 -1174
-1370 -1166 -1356 -1162
-1370 -1156 -1354 -1140
-1370 -1628 -1353 -1605
-1367 -409 -1358 -397
-1367 -393 -1358 -391
-1363 1544 -1358 1549
-1362 -1128 -1361 -1122
-1362 -1140 -1355 -1129
-1361 -755 -1360 -753
-1361 1553 -1358 1558
-1361 -1190 -1356 -1167
-1360 1512 -1358 1516
-1360 1511 -1349 1512
-1356 -1189 -1354 -1174
-1356 1000 -1350 1001
-1352 -328 -1351 -323
-1352 -1144 -1348 -1129
-1350 1249 -1343 1256
-1343 1000 -1334 1001
-1341 1544 -1335 1549
-1341 1553 -1316 1558
-1340 343 -1333 361
-1339 986 -1334 993
-1330 347 -1329 359
-1330 1511 -1324 1512
-1328 535 -1323 538
-1327 -924 -1324 -917
-1325 1370 -1321 1374
-1325 -1781 -1308 -1772
-1321 530 -1313 538
-1317 488 -1313 502
-1316 1355 -1310 1364
-1316 1400 -1310 1405
-1316 1370 -1305 1374
-1314 1095 -1292 1104
-1313 488 -1310 503
-1313 480 -1304 484
-1313 485 -1304 488
-1313 475 -1303 480
-1311 -439 -1307 -432
-1310 1326 -1306 1345
-1310 1347 -1306 1366
-1310 488 -1304 503
-1307 -502 -1300 -493
-1307 -444 -1300 -417
-1306 -350 -1302 -349
-1305 32 -1300 37
-1304 480 -1303 485
-1304 485 -1294 505
-1304 509 -1289 510
-1303 -740 -1302 -712
-1303 480 -1289 484
-1302 -746 -1300 -740
-1302 -740 -1297 -709
-1301 475 -1289 479
-1300 -439 -1295 -432
-1299 -210 -1298 -208
-1298 1325 -1297 1328
-1295 38 -1292 51
-1295 -444 -1286 -439
-1295 -435 -1286 -432
-1295 -439 -1283 -435
-1295 -5 -1262 37
-1294 488 -1289 503
-1292 47 -1288 51
-1292 37 -1281 47
-1288 466 -1276 479
-1288 480 -1276 484
-1283 -301 -1282 -298
-1276 1389 -1274 1392
-1275 466 -1270 479
-1275 480 -1270 484
-1274 1387 -1273 1392
-1274 1392 -1273 1405
-1273 1410 -1259 1414
-1273 1381 -1238 1405
-1270 -1770 -1268 -1760
-1270 1377 -1265 1378
-1269 -886 -1263 -853
-1265 1322 -1262 1328
-1265 1347 -1262 1349
-1265 1349 -1256 1381
-1263 -869 -1250 -853
-1262 2645 -1257 2658
-1260 530 -1255 538
-1260 11 -1254 23
-1258 25 -1254 37
-1257 -846 -1250 -845
-1257 -840 -1250 -835
-1256 1377 -1243 1378
-1246 13 -1245 23
-1246 25 -1245 30
-1246 11 -1234 13
-1245 1351 -1243 1365
-1245 1347 -1240 1351
-1245 13 -1227 39
-1243 1351 -1240 1377
-1243 1377 -1238 1379
-1241 530 -1236 548
-1240 1351 -1226 1365
-1239 -756 -1237 -751
-1239 -749 -1237 -745
-1239 858 -1226 864
-1238 1387 -1226 1392
-1236 39 -1229 51
-1236 511 -1229 554
-1231 -749 -1230 -745
-1231 -756 -1226 -751
-1229 50 -1224 51
-1229 509 -1221 554
-1227 -840 -1224 -836
-1227 30 -1224 48
-1227 12 -1203 30
-1226 833 -1225 890
-1226 829 -1220 833
-1225 833 -1220 890
-1224 30 -1218 39
-1224 -900 -1210 -899
-1221 534 -1214 548
-1221 511 -1213 534
-1220 567 -1212 571
-1220 833 -1210 864
-1220 864 -1210 877
-1218 46 -1210 48
-1218 50 -1210 51
-1217 1351 -1203 1365
-1214 534 -1212 567
-1214 971 -1197 977
-1213 509 -1212 534
-1212 511 -1211 548
-1211 530 -1199 531
-1210 829 -1193 858
-1210 858 -1166 882
-1193 825 -1179 855
-1193 855 -1158 858
-1189 905 -1172 914
-1179 811 -1158 829
-1179 830 -1158 855
-1179 829 -1153 830
-1166 831 -1158 858
-1166 858 -1152 888
-1166 888 -1144 917
-1161 1310 -1155 1317
-1158 831 -1153 855
-1157 266 -1156 277
-1156 347 -1147 351
-1155 1301 -1141 1304
-1147 875 -1145 888
-1144 878 -1119 917
-1139 858 -1121 878
-1132 1293 -1128 1295
-1128 1283 -1127 1294
-1128 1294 -1123 1295
-1127 -705 -1126 -703
-1127 1275 -1119 1283
-1127 1293 -1119 1294
-1127 1271 -1118 1275
-1127 1283 -1118 1293
-1126 -710 -1120 -705
-1126 -705 -1103 -689
-1123 1253 -1118 1271
-1123 -1867 -1115 -1860
-1122 1601 -1119 1604
-1119 1585 -1118 1606
-1119 240 -1115 271
-1119 1645 -1104 1665
-1118 1665 -1105 1668
-1117 1601 -1116 1606
-1115 -1894 -1109 -1867
-1115 -1864 -1109 -1860
-1115 -1867 -1090 -1864
-1090 1663 -1053 1665
-1088 1416 -1083 1430
-1085 -670 -1084 -657
-1081 -971 -1080 -967
-1080 1618 -1078 1626
-1080 1633 -1078 1638
-1080 -1032 -1076 -1027
-1077 1606 -1068 1626
-1077 1633 -1066 1639
-1077 1645 -1053 1654
-1076 -1033 -1048 -1024
-1074 -629 -1070 -628
-1074 -658 -1065 -657
-1068 1416 -1065 1430
-1068 1411 -1064 1413
-1066 1612 -1064 1633
-1066 1633 -1059 1642
-1065 -658 -1059 -628
-1060 -966 -1059 -947
-1060 -535 -1049 -531
-1059 -971 -1052 -970
-1059 -517 -1049 -514
-1059 -1019 -1048 -1010
-1059 -658 -1048 -657
-1055 -1384 -1047 -1377
-1053 317 -1050 322
-1048 -1032 -1045 -1027
-1046 -549 -1031 -545
-1045 -1033 -1042 -1024
-1045 -1019 -1042 -1010
-1044 -1384 -1032 -1375
-1044 -1372 -1028 -1369
-1042 839 -1041 843
-1042 -1032 -1038 -1027
-1039 77 -1035 85
-1035 -517 -1031 -514
-1035 839 -1030 843
-1035 851 -1030 852
-1034 -987 -1033 -986
-1032 -1375 -1028 -1374
-1032 -1385 -1020 -1375
-1029 -1348 -1028 -1346
-1027 118 -1026 123
-1026 868 -1023 871
-1026 -18 -1006 2
-1023 -1421 -1017 -1414
-1019 -1913 -1014 -1911
-1018 -131 -1012 -128
-1000 -145 -997 -135
-990 -444 -989 -440
-987 902 -984 908
-984 898 -975 909
-983 61 -965 62
-982 -735 -978 -729
-976 343 -971 350
-975 902 -969 908
-971 105 -965 106
-970 -159 -959 -149
-969 902 -957 907
-968 -142 -959 -138
-965 -186 -962 -177
-964 1650 -958 1662
-959 -263 -947 -260
-948 950 -937 951
-948 934 -936 935
-946 243 -945 256
-941 943 -935 947
-939 -200 -936 -185
-936 -82 -929 -81
-932 -2151 -923 -2150
-932 243 -922 256
-929 -99 -923 -82
-929 -82 -922 -78
-928 -200 -925 -185
-917 -793 -913 -788
-908 -854 -898 -848
-906 -1626 -898 -1601
-904 -824 -901 -804
-898 -829 -897 -826
-898 -836 -887 -829
-898 -870 -885 -844
-897 -829 -887 -804
-887 -829 -869 -826
-885 -866 -879 -844
-877 2348 -870 2351
-874 711 -867 714
-874 700 -862 708
-874 2393 -862 2396
-874 721 -859 743
-863 2348 -862 2351
-863 -1000 -856 -995
-862 700 -861 717
-861 712 -856 717
-861 689 -853 712
-856 -10 -834 -2
-854 -998 -853 -993
-854 -988 -853 -969
-853 700 -851 708
-840 1264 -831 1281
-840 1604 -830 1611
-840 1615 -822 1626
-839 -1639 -833 -1634
-836 1281 -833 1286
-835 1653 -827 1670
-835 1694 -819 1699
-832 1640 -827 1645
-831 1247 -822 1264
-831 1276 -822 1281
-831 1264 -821 1276
-828 -1033 -825 -1028
-828 -998 -825 -994
-827 1659 -818 1670
-827 1628 -811 1659
-826 -1060 -825 -1040
-825 1682 -818 1687
-820 -1319 -817 -1316
-817 -1188 -806 -1167
-811 1630 -807 1636
-811 1640 -797 1645
-807 1630 -801 1638
-806 -1282 -785 -1278
-801 1631 -797 1636
-792 135 -788 137
-792 130 -787 132
-791 1975 -785 1988
-790 -1297 -785 -1289
-782 -2267 -756 -2266
-771 1682 -762 1684
-769 459 -746 463
-756 -2266 -743 -2252
-756 -2272 -727 -2266
-754 1563 -746 1574
-750 -2242 -745 -2233
-712 -1819 -704 -1809
-712 -1835 -700 -1819
-704 -1819 -670 -1805
-701 2219 -696 2226
-685 2225 -655 2226
-681 -832 -675 -798
-681 -795 -675 -781
-680 -898 -666 -896
-680 -902 -656 -901
-679 1832 -672 1841
-676 2485 -672 2487
-675 -833 -672 -832
-675 -827 -662 -797
-675 -829 -655 -827
-675 -832 -651 -829
-672 1832 -669 1841
-669 1829 -658 1832
-669 1839 -658 1841
-669 1832 -654 1839
-667 1492 -662 1514
-665 2485 -636 2487
-662 -827 -655 -798
-662 -798 -651 -797
-655 -1501 -654 -1495
-655 -829 -645 -827
-655 -827 -642 -824
-655 -804 -642 -798
-655 -824 -641 -804
-654 1829 -647 1841
-654 2463 -636 2485
-650 -903 -649 -901
-649 -908 -648 -896
-648 820 -647 824
-648 -903 -640 -901
-648 1856 -639 1857
-647 1832 -639 1839
-647 820 -633 824
-647 -1014 -617 -1013
-643 -829 -642 -827
-639 1808 -633 1832
-639 1857 -630 1861
-639 1832 -617 1857
-638 -1787 -634 -1778
-634 790 -628 791
-629 -1487 -614 -1486
-628 770 -626 793
-628 820 -626 824
-626 790 -620 791
-609 359 -607 367
-607 -733 -606 -725
-607 1877 -604 1897
-606 -730 -604 -712
-606 -744 -601 -730
-604 -730 -601 -702
-603 -1014 -596 -1013
-602 -1047 -593 -1040
-601 -733 -593 -725
-601 -725 -593 -702
-599 -1100 -593 -1099
-596 -1027 -593 -1009
-596 -1077 -591 -1057
-593 -744 -591 -699
-593 -1014 -590 -1013
-592 -1541 -575 -1534
-591 -733 -586 -699
-586 -730 -585 -725
-586 1541 -580 1552
-586 1870 -580 1882
-582 -727 -581 -726
-582 192 -576 198
-579 1881 -575 1882
-571 824 -567 827
-571 -1062 -556 -1040
-567 1389 -565 1393
-562 1281 -559 1298
-561 1881 -560 1897
-558 -1515 -550 -1508
-556 -1068 -555 -1023
-554 -1068 -542 -1052
-546 263 -543 286
-546 293 -529 294
-545 250 -543 261
-543 -1096 -542 -1077
-529 1266 -522 1291
-525 250 -510 261
-522 1282 -521 1297
-522 1258 -519 1282
-521 1282 -519 1291
-519 1248 -518 1282
-519 1282 -507 1297
-518 1258 -513 1282
-516 57 -503 64
-514 1480 -510 1481
-510 1477 -508 1486
-508 1480 -507 1481
-505 460 -503 479
-495 -535 -494 -530
-488 1291 -478 1297
-482 470 -481 479
-469 1293 -462 1297
-466 1384 -455 1387
-464 1305 -462 1315
-457 -1514 -452 -1509
-455 1381 -450 1390
-453 1376 -450 1381
-453 1359 -446 1366
-450 1370 -446 1376
-450 1376 -445 1392
-445 1381 -443 1390
-443 1384 -441 1387
-441 1295 -438 1297
-441 1325 -437 1329
-441 1305 -435 1315
-440 1436 -435 1439
-437 1315 -435 1348
-437 1350 -435 1355
-437 1330 -432 1331
-436 1439 -435 1444
-436 1435 -427 1439
-435 1326 -432 1329
-435 1325 -423 1326
-424 1011 -408 1012
-420 -208 -418 -207
-418 -222 -409 -204
-417 1207 -411 1208
-412 359 -408 376
-412 357 -404 358
-411 1174 -407 1175
-411 1204 -406 1207
-411 1207 -398 1213
-409 -1365 -407 -1356
-409 -227 -407 -203
-408 1012 -403 1027
-408 997 -401 1012
-407 -236 -405 -227
-407 -205 -405 -203
-407 -1370 -395 -1365
-407 -227 -387 -222
-407 -222 -386 -205
-407 -1365 -383 -1355
-406 1219 -398 1226
-405 -1385 -395 -1370
-405 -205 -387 -204
-396 361 -390 380
-395 332 -388 333
-388 330 -378 334
-388 365 -375 366
-388 361 -357 365
-387 1289 -372 1300
-386 -208 -384 -205
-384 -205 -383 -201
-384 884 -379 902
-384 824 -314 848
-378 332 -375 333
-378 -851 -352 -849
-375 365 -357 380
-375 330 -356 339
-373 991 -366 993
-373 1002 -366 1023
-371 380 -359 383
-369 1431 -367 1435
-369 848 -315 851
-368 730 -364 731
-368 713 -361 730
-368 -848 -346 -843
-368 -849 -343 -848
-364 730 -361 733
-364 -446 -355 -433
-361 712 -343 713
-361 713 -339 744
-359 1347 -358 1356
-359 1332 -352 1334
-358 1368 -351 1372
-358 1347 -328 1368
-357 1319 -352 1324
-353 462 -327 466
-347 984 -346 997
-346 -848 -343 -837
-346 971 -339 973
-346 978 -339 984
-346 988 -339 997
-346 984 -336 988
-346 2856 -333 2860
-345 -731 -338 -715
-344 306 -333 319
-344 65 -326 70
-343 -848 -339 -843
-340 -822 -333 -818
-339 730 -333 733
-338 -743 -336 -696
-336 -731 -323 -715
-334 784 -318 791
-333 301 -329 306
-333 317 -329 319
-333 306 -327 317
-332 -848 -322 -834
-331 451 -327 459
-331 439 -326 441
-331 408 -321 439
-331 402 -315 408
-326 -707 -323 -696
-326 450 -315 459
-326 462 -315 466
-325 886 -313 893
-323 736 -315 753
-321 408 -315 445
-315 408 -312 439
-315 1412 -310 1428
-315 1405 -299 1412
-312 886 -310 900
-312 408 -308 421
-312 433 -305 435
-311 -839 -308 -834
-311 1388 -299 1395
-310 1412 -271 1434
-287 1406 -279 1412
-286 -1152 -282 -1146
-258 -1183 -257 -1171
-258 -1158 -244 -1141
-257 -849 -256 -844
-257 -1193 -247 -1160
-250 -529 -243 -523
-248 -306 -246 -303
-247 -1201 -246 -1193
-247 -1193 -244 -1183
-247 -1174 -244 -1160
-247 -1183 -240 -1174
-243 -1308 -242 -1269
-240 1277 -238 1285
-240 -1183 -235 -1153
-235 -1163 -233 -1153
-231 861 -227 872
-224 -1308 -221 -1287
-219 744 -216 745
-217 254 -210 258
-206 -131 -199 -128
-206 -118 -199 -116
-199 -1334 -197 -1331
-199 -1308 -197 -1307
-199 163 -191 170
-198 744 -185 745
-197 -1241 -196 -1232
-197 -1347 -194 -1314
-197 -1311 -194 -1308
-197 -1308 -180 -1287
-195 1517 -189 1521
-193 159 -191 163
-193 118 -190 121
-193 137 -190 159
-191 159 -188 174
-189 1514 -184 1525
-188 163 -174 170
-186 -1239 -181 -1234
-186 -1240 -168 -1239
-185 -1148 -178 -1139
-184 1517 -175 1521
-182 793 -181 796
-182 748 -176 753
-181 -1239 -168 -1232
-181 796 -168 809
-181 793 -161 796
-177 -484 -157 -483
-175 -1225 -168 -1214
-175 -1148 -163 -1138
-172 1581 -170 1584
-172 1472 -164 1477
-172 1492 -164 1510
-172 1514 -164 1521
-171 -131 -167 -128
-168 -1239 -165 -1234
-168 796 -158 809
-167 -128 -166 -125
-167 -135 -160 -128
-162 473 -149 490
-154 -440 -146 -436
-154 -476 -129 -462
-152 1123 -132 1124
-149 311 -148 315
-149 -1833 -138 -1824
-148 334 -144 344
-143 748 -140 753
-139 -1308 -129 -1304
-133 1135 -128 1139
-129 -469 -128 -460
-129 -484 -125 -469
-128 -469 -125 -460
-128 1133 -116 1148
-127 397 -125 405
-127 417 -125 419
-125 -1297 -124 -1287
-125 -502 -120 -460
-120 1558 -119 1567
-120 -484 -103 -469
-120 -468 -103 -462
-120 -469 -98 -468
-118 1357 -109 1373
-117 162 -115 174
-116 1129 -112 1133
-116 1148 -112 1167
-116 1133 -102 1148
-109 1358 -92 1371
-106 -1297 -101 -1293
-105 1156 -102 1167
-103 -2356 -101 -2348
-102 1135 -89 1139
-95 -182 -86 -175
-90 -1883 -78 -1850
-88 -1394 -77 -1380
-86 -175 -77 -160
-86 -184 -70 -175
-78 -1877 -75 -1857
-75 -1855 -68 -1850
-75 -1883 -59 -1855
-68 -1855 -56 -1837
-65 -185 -58 -175
-59 42 -57 44
-59 -1882 -56 -1855
-59 13 -54 35
-59 -1884 -47 -1882
-57 35 -56 44
-57 44 -56 46
-56 35 -54 50
-56 -1399 -53 -1389
-56 -1855 -47 -1850
-56 5 -43 13
-54 46 -53 50
-54 13 -48 46
-53 -1409 -52 -1399
-53 -1399 -50 -1389
-49 -1123 -41 -1108
-48 19 -46 44
-48 13 -29 19
-46 44 -30 46
-46 19 -29 44
-30 1345 -23 1347
-29 19 -28 35
-29 -551 -27 -550
-26 31 -17 35
-24 1562 -22 1575
-24 -551 0 -531
-23 -81 -20 -72
-21 1100 -17 1106
-18 148 -16 151
-18 158 5 163
-17 -81 -16 -75
-15 1631 -13 1643
-7 547 -5 550
-2 1290 -1 1295
0 1281 2 1295
0 -554 7 -518
3 -14 31 -1
4 -361 5 -355
4 -363 8 -361
5 -361 9 -351
7 -551 14 -531
9 -361 10 -348
10 -361 25 -351
19 174 23 179
25 -361 31 -348
31 -370 33 -348
33 -361 34 -351
34 -674 35 -671
34 -370 36 -351
34 -351 40 -348
36 -674 38 -671
36 -7 40 -1
36 -381 44 -370
36 -369 44 -351
36 -370 55 -369
49 -7 54 3
66 1299 68 1331
68 391 70 399
71 -70 86 -61
78 402 95 408
81 -18 86 -15
81 -20 89 -18
86 -11 87 -6
86 -18 89 -11
87 -11 89 6
89 -18 100 -15
89 -11 100 -6
92 -195 97 -187
92 -178 97 -168
92 286 99 317
92 338 103 346
92 304 104 310
92 867 106 873
98 -419 99 -412
99 287 104 288
99 -414 109 -412
99 -446 110 -433
99 -420 110 -414
105 385 114 387
110 1146 113 1149
110 1133 117 1146
110 1155 117 1162
111 514 117 525
111 526 130 551
113 -195 114 -188
113 1146 117 1164
114 -188 121 -187
114 -178 121 -166
114 -196 131 -188
117 1155 123 1162
117 1142 128 1145
117 1146 128 1149
118 -446 120 -435
118 286 121 288
121 -239 131 -237
123 1129 128 1140
129 1052 133 1066
129 1050 161 1052
130 514 133 553
133 1146 135 1149
133 526 144 551
133 1097 150 1110
133 1059 152 1066
133 1113 155 1140
133 1142 155 1145
133 1052 161 1059
136 89 145 90
139 -1649 152 -1648
140 -196 143 -188
143 1035 161 1041
143 1025 164 1035
147 -196 150 -193
151 -471 153 -469
151 247 154 257
152 1085 155 1113
152 -1045 156 -1044
152 1059 161 1076
152 1166 162 1170
155 1084 157 1113
155 -201 161 -199
155 1141 162 1143
155 1143 162 1145
155 1113 164 1141
157 1106 164 1113
157 1085 170 1106
161 1035 165 1044
161 1048 165 1050
161 -204 166 -193
161 1050 177 1052
161 1052 182 1076
162 1141 170 1149
162 1164 170 1173
162 1166 179 1170
163 1468 164 1470
164 1127 170 1141
164 1463 173 1470
164 1113 185 1127
164 1106 193 1113
166 -201 167 -199
167 -203 168 -187
167 -204 170 -203
168 -203 170 -186
168 253 170 257
168 248 173 253
168 1035 182 1039
170 253 173 262
170 1143 174 1145
170 1141 185 1143
170 -210 188 -177
173 253 175 257
174 2383 179 2391
175 954 182 968
179 -405 183 -404
181 -171 201 -168
182 1059 184 1066
186 954 197 960
188 -251 193 -177
193 1106 194 1110
193 -190 198 -177
193 -222 212 -190
194 1104 199 1123
198 -190 201 -187
198 954 204 960
198 1334 205 1344
199 1106 209 1110
203 -171 212 -168
205 1328 208 1345
205 1320 217 1323
206 952 208 960
208 1328 217 1334
208 1334 229 1350
208 1364 229 1370
209 1104 212 1123
212 -235 215 -222
212 -212 215 -191
212 -222 220 -212
218 -1657 219 -1641
219 -1658 226 -1644
219 -1644 226 -1641
226 -1662 231 -1658
226 -1657 231 -1635
226 -1628 231 -1626
226 -1658 233 -1657
227 773 239 775
231 -1657 233 -1641
233 -1657 237 -1644
239 349 242 353
243 1540 244 1550
243 1551 244 1554
243 1554 249 1562
244 1117 245 1123
264 1331 274 1336
265 1561 266 1562
268 1561 289 1562
271 -276 276 -271
271 -295 280 -286
274 -227 280 -214
281 -169 282 -164
281 -160 282 -159
281 -79 291 -75
286 -620 289 -615
289 -37 291 -35
289 -29 291 -28
290 304 295 315
291 -79 306 -75
294 -621 298 -615
297 -295 303 -286
299 1540 313 1554
303 -104 309 -98
306 -37 308 -35
306 -58 313 -54
306 -82 322 -58
312 -1087 319 -1081
313 -54 321 -52
313 -58 322 -54
315 1529 316 1531
315 1519 330 1521
316 1531 323 1532
316 1535 323 1536
316 1539 323 1554
316 1521 324 1531
317 -29 322 -27
317 -25 322 -23
319 -1091 338 -1079
319 -1061 338 -1044
321 -54 322 -44
322 -54 325 -52
322 -79 331 -75
322 -58 331 -54
324 -1060 330 -1022
329 826 330 833
329 838 332 844
329 854 332 856
329 1234 336 1239
329 1246 336 1253
336 1198 337 1211
336 1213 337 1246
336 1191 345 1193
336 1246 354 1253
337 -1061 338 -1041
337 1237 354 1239
337 1234 365 1237
338 -1087 339 -1081
338 -1061 340 -1044
340 -1061 341 -1041
341 -1044 345 -1021
341 -1087 351 -1079
341 -1065 351 -1044
351 -1061 359 -1052
354 1237 365 1253
359 -1065 370 -1043
361 -1337 362 -1334
365 1239 370 1256
365 1213 386 1239
366 1199 410 1207
367 -1035 370 -1029
370 -1061 375 -1052
370 1239 378 1253
377 1094 380 1098
380 1098 384 1105
380 1047 386 1049
380 1092 403 1098
381 1067 406 1071
386 1182 394 1199
387 1214 389 1239
402 999 408 1016
403 877 404 895
408 999 416 1016
409 877 415 895
409 897 423 901
414 1664 416 1665
415 869 421 877
415 878 421 895
415 877 423 878
416 605 419 615
416 1016 421 1036
416 574 423 578
416 995 425 1016
416 653 427 658
419 1664 420 1665
420 1067 421 1071
421 640 430 642
423 571 456 597
424 877 433 878
424 897 433 900
426 1059 430 1072
426 1073 441 1076
426 1042 467 1043
427 879 433 889
436 995 442 997
441 1065 467 1087
442 1092 467 1098
447 995 471 997
452 -976 454 -975
456 -882 463 -876
456 574 464 578
456 -912 467 -908
456 -907 477 -893
457 963 471 987
463 2407 467 2414
463 640 476 642
467 2400 470 2418
467 2434 471 2435
467 2436 471 2442
467 2420 481 2426
470 2407 481 2414
480 620 488 623
480 593 492 599
480 571 494 593
481 2426 493 2435
481 2436 493 2438
481 2400 495 2407
481 2407 497 2426
484 599 486 606
492 593 509 608
494 569 509 571
494 592 509 593
494 579 524 592
494 571 525 579
498 -1168 507 -1156
503 516 509 532
504 1592 505 1597
504 633 508 646
505 1083 508 1084
506 1592 511 1614
506 1620 518 1627
507 -200 509 -199
507 -1175 513 -1165
507 -1164 515 -1156
507 -1165 516 -1164
508 620 509 633
508 633 511 658
509 593 521 599
511 -1287 519 -1276
513 -1192 515 -1175
513 -1173 515 -1165
513 -1175 516 -1173
515 -1168 516 -1165
515 516 541 520
517 1069 521 1076
518 1627 526 1629
518 1612 532 1627
519 267 525 272
521 1058 522 1065
521 1069 522 1093
521 595 524 599
521 1065 524 1069
521 1078 531 1084
521 1610 541 1611
522 1069 531 1077
524 579 537 600
525 569 531 579
526 -133 527 -132
526 -123 527 -119
526 -156 536 -154
527 -119 528 -114
527 -148 533 -119
531 571 535 579
533 -133 536 -132
535 1180 542 1191
535 1208 542 1211
536 548 537 562
537 595 542 599
540 632 542 649
540 -177 554 -176
541 1599 555 1614
542 -1158 563 -1156
546 -1138 547 -1121
546 2207 547 2219
546 1159 550 1166
546 -200 554 -199
546 -1144 563 -1138
547 -1138 575 -1117
549 -1175 563 -1161
550 1147 552 1148
550 1159 552 1166
559 1159 565 1166
564 -251 565 -243
565 -251 568 -236
568 -251 584 -243
578 -1186 585 -1178
580 -200 584 -193
580 -232 589 -228
580 -237 595 -236
580 -241 598 -237
585 -1120 589 -1117
595 -237 598 -228
599 -241 602 -236
603 -241 604 -236
607 -1526 608 -1519
611 -65 618 -64
621 -1173 634 -1170
625 -1151 634 -1146
628 -1452 630 -1445
635 -1173 636 -1170
646 2576 647 2590
659 1363 662 1372
662 -627 663 -624
663 -606 672 -604
676 -1378 679 -1377
679 -1377 681 -1375
679 -1382 688 -1377
682 3164 723 3165
685 475 697 481
688 257 692 275
694 -434 706 -433
694 -436 709 -434
697 530 702 531
697 466 704 489
697 505 709 508
697 494 710 503
698 222 700 227
699 296 705 300
700 -1287 713 -1271
704 475 710 481
705 299 709 300
706 -434 725 -412
706 -405 725 -394
707 798 716 800
709 295 712 301
712 299 714 300
713 806 716 810
713 -1293 729 -1257
721 -1248 723 -1245
721 -1249 728 -1248
723 -1248 728 -1227
724 809 732 810
725 -1217 749 -1208
728 -1248 746 -1245
731 1120 742 1121
733 -423 735 -412
733 -405 735 -395
734 275 743 280
734 -1296 746 -1267
734 -1228 771 -1221
738 -1305 744 -1296
743 226 750 243
746 -1276 750 -1267
746 -1267 750 -1248
746 -1305 761 -1276
746 -1248 780 -1243
750 -1257 754 -1248
750 -1276 781 -1257
753 -287 756 -286
753 -273 756 -263
754 322 755 326
755 228 759 244
756 -286 758 -258
756 -292 767 -286
758 -273 760 -263
759 1434 762 1435
761 -296 767 -295
761 -1310 781 -1276
762 -2301 767 -2295
763 481 777 494
767 -304 769 -296
767 -296 771 -292
767 -278 775 -263
767 -292 781 -278
769 -308 771 -300
769 -300 771 -296
769 -357 784 -353
770 1382 771 1389
770 1434 774 1435
770 1439 774 1442
770 1482 774 1484
770 1391 793 1411
771 -317 784 -304
771 -304 784 -292
771 -296 785 -295
772 1445 774 1456
772 1480 774 1482
772 1482 786 1486
773 -258 775 -252
775 -278 781 -242
777 480 786 523
781 -250 782 -242
781 -292 784 -278
781 -253 789 -250
781 -278 795 -253
781 -798 796 -796
783 929 793 936
784 -304 785 -300
784 -292 785 -290
784 -290 795 -279
786 481 792 494
788 1412 793 1434
789 -253 795 -243
789 -1769 797 -1768
791 1992 794 1996
791 1998 794 2002
793 -357 798 -353
794 1985 795 2002
794 1992 806 1996
794 1998 807 2010
795 -253 799 -250
795 1986 806 1991
796 -1766 797 -1753
798 1165 808 1172
798 1193 808 1195
809 -201 812 -194
809 -211 819 -203
810 1432 813 1435
810 1480 814 1485
812 -1528 823 -1526
814 934 851 936
816 865 837 870
819 1480 828 1485
822 -1310 824 -1302
824 -345 827 -323
828 1485 830 1487
828 1478 839 1485
833 815 838 820
836 -345 838 -308
836 -301 838 -297
836 -196 838 -194
836 -211 839 -208
838 -197 839 -191
839 -196 845 -194
840 1478 845 1485
841 819 848 820
845 -197 850 -191
850 -197 855 -191
852 -187 855 -182
852 -2 857 2
855 -196 871 -194
864 880 867 886
869 -1016 874 -992
871 880 874 886
874 675 879 681
887 1643 893 1649
894 1582 895 1588
895 888 898 891
901 803 908 808
901 1668 914 1671
903 1649 904 1658
904 -1 905 1
904 1620 909 1621
904 1643 909 1649
904 1649 932 1665
907 1721 909 1742
907 1710 913 1713
913 1709 914 1710
913 1710 919 1745
913 1746 919 1747
922 -564 930 -558
923 -566 930 -565
923 1620 931 1621
924 1710 928 1745
924 1746 930 1747
928 1706 937 1710
928 1744 937 1745
928 1686 942 1689
928 1710 943 1744
931 -120 944 -106
932 -564 935 -558
932 -566 938 -565
942 1684 943 1704
943 1686 945 1689
945 -120 947 -100
945 -89 947 -84
947 -110 951 -101
951 -89 954 -84
951 -110 961 -101
961 -111 964 -84
964 -120 970 -71
970 121 978 128
970 -2306 980 -2304
970 -122 987 -71
976 768 977 769
987 -92 988 -84
987 -96 990 -92
987 -115 1005 -96
992 768 1004 769
993 -123 1005 -115
994 -472 1002 -465
995 -1394 1000 -1365
995 -1398 1001 -1394
995 833 1002 839
1000 -1367 1031 -1363
1000 -1394 1037 -1367
1002 1580 1005 1584
1011 121 1012 128
1018 58 1020 63
1019 -1424 1028 -1423
1019 -1443 1038 -1429
1026 1256 1027 1258
1027 1258 1032 1261
1027 -950 1035 -947
1027 1251 1044 1258
1031 -1367 1039 -1361
1031 1230 1044 1234
1032 1680 1040 1683
1033 517 1034 518
1033 558 1048 559
1035 -967 1039 -953
1035 -950 1039 -947
1037 517 1038 518
1037 538 1048 544
1038 -979 1039 -975
1038 -1457 1040 -1443
1038 -1443 1057 -1423
1039 -938 1050 -935
1039 -987 1051 -979
1039 -951 1052 -950
1039 -975 1056 -951
1039 -950 1056 -938
1039 -979 1057 -975
1040 -1446 1049 -1443
1040 -1464 1061 -1446
1044 1230 1045 1234
1044 1680 1052 1683
1045 1234 1054 1236
1045 1206 1056 1234
1046 -814 1071 -803
1049 43 1052 56
1050 -938 1056 -929
1052 37 1055 58
1052 2532 1056 2541
1052 -951 1057 -950
1052 1667 1062 1684
1052 1663 1063 1667
1053 -982 1057 -981
1055 43 1068 56
1056 -967 1057 -953
1056 -950 1057 -941
1056 -938 1057 -935
1056 1205 1067 1206
1056 1209 1067 1234
1056 1204 1073 1205
1056 1206 1073 1209
1057 -950 1058 -947
1062 1667 1063 1683
1062 1683 1064 1695
1062 1698 1065 1712
1063 1662 1066 1667
1063 1670 1066 1683
1063 -950 1071 -947
1063 1667 1074 1670
1063 -1041 1077 -1040
1063 -1058 1083 -1041
1064 1683 1065 1684
1072 -950 1074 -947
1087 426 1089 452
1089 -242 1096 -239
1090 426 1096 433
1095 1608 1104 1611
1095 1662 1110 1664
1109 -1598 1111 -1597
1111 201 1112 205
1114 501 1123 509
1117 1370 1119 1384
1117 -335 1131 -330
1118 -720 1121 -703
1122 824 1124 825
1122 830 1124 851
1122 202 1127 205
1123 802 1124 815
1125 -1412 1131 -1402
1125 -1435 1132 -1434
1127 -232 1136 -229
1137 -335 1139 -328
1142 -335 1146 -315
1142 -305 1146 -287
1142 -277 1149 -272
1144 361 1149 389
1146 -298 1147 -289
1150 361 1152 390
1160 -663 1161 -654
1161 -654 1163 -644
1161 -670 1176 -654
1168 237 1171 240
1171 234 1175 248
1175 237 1179 240
1186 153 1193 155
1201 947 1204 961
1202 237 1207 240
1210 -109 1213 -108
1217 -705 1219 -698
1217 -646 1234 -629
1219 -661 1225 -646
1220 -705 1221 -695
1220 -689 1221 -665
1220 -719 1230 -714
1221 -683 1225 -665
1221 -730 1226 -723
1221 -714 1226 -683
1226 -705 1230 -695
1235 -44 1238 -37
1237 1526 1238 1530
1237 -633 1251 -631
1238 -44 1245 -27
1249 1286 1257 1298
1252 -705 1270 -695
1254 -1604 1264 -1601
1254 98 1267 107
1255 -44 1258 4
1258 -44 1261 9
1260 112 1272 113
1261 -30 1262 4
1261 -644 1270 -629
1261 -44 1280 -30
1262 -25 1278 15
1262 -30 1284 -25
1272 113 1280 128
1272 98 1281 113
1272 150 1281 154
1276 -306 1278 -301
1278 -25 1284 17
1280 1267 1281 1271
1281 1267 1283 1271
1281 1285 1283 1297
1281 113 1285 128
1281 141 1285 150
1281 153 1285 154
1281 150 1286 153
1281 88 1287 113
1283 -644 1289 -629
1283 -626 1289 -619
1284 -25 1299 15
1291 -320 1296 -316
1291 -309 1296 -299
1292 -641 1296 -629
1292 -626 1296 -618
1292 150 1297 153
1292 86 1302 128
1298 233 1300 234
1300 1261 1308 1262
1302 85 1303 86
1302 92 1303 128
1302 86 1304 92
1303 -309 1305 -299
1303 -293 1305 -289
1305 354 1309 359
1305 368 1309 370
1309 86 1311 90
1309 968 1319 981
1310 -25 1322 -12
1311 -523 1317 -517
1315 2035 1321 2042
1317 229 1342 232
1319 970 1350 997
1319 968 1358 970
1320 1 1329 15
1320 57 1329 59
1322 84 1324 90
1322 -27 1325 -3
1323 1867 1324 1869
1324 1867 1326 1869
1325 -25 1334 -12
1329 84 1330 85
1329 76 1353 77
1330 6 1338 15
1333 -519 1334 -515
1334 -523 1338 -515
1334 -12 1338 -6
1334 -18 1342 -12
1334 -27 1344 -18
1338 -523 1341 -509
1342 -18 1350 -12
1343 2035 1354 2042
1344 1251 1351 1252
1346 -1623 1353 -1621
1346 -1629 1360 -1623
1350 11 1351 15
1350 -27 1357 -18
1350 970 1358 1011
1350 -18 1362 -12
1352 1366 1356 1383
1353 -1623 1360 -1618
1353 2034 1363 2053
1357 924 1361 931
1358 968 1364 970
1358 970 1371 997
1360 -1623 1363 -1621
1363 -18 1365 -12
1372 230 1373 234
1373 -1042 1374 -1041
1377 -1042 1385 -1041
1387 77 1406 84
1391 558 1400 567
1392 -1370 1394 -1365
1394 -2659 1398 -2650
1397 164 1404 168
1398 -2538 1405 -2517
1401 1406 1406 1418
1402 558 1413 564
1411 113 1416 122
1420 -2659 1421 -2650
1420 113 1441 128
1437 145 1442 147
1437 164 1442 171
1439 -1342 1461 -1336
1447 1511 1449 1515
1448 237 1470 244
1449 1489 1468 1492
1449 1499 1468 1511
1449 1511 1474 1516
1451 1391 1455 1423
1452 996 1456 997
1452 -1417 1469 -1415
1452 -1451 1472 -1448
1453 598 1464 609
1454 -1514 1465 -1509
1455 1643 1464 1649
1455 1653 1464 1660
1457 1391 1471 1406
1457 1406 1479 1410
1459 1516 1460 1524
1462 850 1478 851
1463 -2578 1464 -2572
1464 595 1465 619
1464 -2581 1473 -2570
1465 598 1479 609
1472 240 1484 244
1473 -2578 1475 -2572
1473 122 1488 133
1473 145 1488 147
1473 176 1490 213
1475 -1030 1488 -1022
1477 1511 1482 1516
1478 -1554 1487 -1547
1478 -1546 1487 -1545
1479 1399 1485 1406
1479 1406 1486 1416
1480 109 1488 117
1483 -1238 1484 -1229
1485 1396 1486 1399
1485 1402 1486 1406
1485 -943 1488 -942
1485 -1474 1489 -1463
1485 1399 1493 1402
1485 -947 1504 -943
1486 213 1487 215
1486 1406 1487 1410
1488 -1022 1493 -1000
1488 -1031 1499 -1022
1488 -943 1504 -932
1488 -1721 1505 -1695
1493 1402 1499 1410
1493 1396 1505 1402
1493 103 1512 117
1493 122 1519 133
1494 -660 1497 -642
1494 -670 1498 -660
1495 -1037 1497 -1033
1497 -660 1498 -622
1497 203 1510 209
1497 177 1513 203
1498 -672 1518 -670
1498 -639 1518 -622
1498 -670 1520 -660
1498 -654 1520 -639
1498 -660 1539 -654
1499 474 1501 475
1501 474 1505 491
1502 -1556 1503 -1547
1502 -1529 1503 -1523
1502 -1523 1505 -1509
1503 600 1513 604
1504 -943 1508 -942
1505 -1529 1507 -1509
1505 1360 1507 1366
1505 1386 1507 1389
1505 1422 1518 1424
1505 1389 1526 1410
1509 -622 1518 -620
1509 -639 1520 -622
1510 -1530 1515 -1513
1510 203 1518 213
1512 -1003 1513 -1000
1512 -943 1516 -942
1513 598 1515 617
1515 600 1516 604
1516 738 1517 746
1516 -942 1518 -931
1516 598 1520 600
1516 -957 1522 -942
1516 600 1524 617
1516 753 1526 782
1518 155 1536 213
1520 -639 1528 -625
1520 -654 1535 -642
1521 -1800 1524 -1791
1521 -1779 1524 -1773
1522 619 1524 632
1522 639 1524 649
1524 1360 1527 1366
1524 792 1538 799
1526 1366 1527 1380
1526 1386 1527 1410
1526 738 1529 753
1526 756 1529 782
1526 753 1530 756
1527 -101 1545 -77
1529 3380 1537 3381
1529 -36 1545 -32
1530 1352 1531 1363
1530 -1333 1543 -1314
1531 1354 1532 1363
1531 1389 1535 1398
1531 1352 1537 1354
1532 1360 1535 1369
1532 1354 1544 1360
1535 1398 1541 1401
1535 1360 1568 1398
1536 2972 1544 2991
1538 768 1540 819
1539 -672 1541 -670
1539 -695 1542 -691
1539 1634 1546 1635
1540 792 1545 799
1540 3380 1558 3397
1541 -987 1552 -975
1541 1398 1569 1401
1542 1557 1543 1559
1542 1564 1543 1572
1544 833 1545 835
1544 851 1545 858
1544 1405 1551 1416
1554 -23 1555 -19
1554 -33 1584 -23
1555 -23 1584 -16
1557 -987 1558 -965
1557 -1333 1560 -1306
1557 1401 1560 1416
1560 1634 1564 1645
1560 1646 1569 1648
1560 -1342 1570 -1333
1560 -1318 1570 -1306
1560 -1333 1575 -1318
1561 -101 1585 -77
1564 1624 1569 1646
1566 1354 1568 1360
1567 1404 1568 1416
1567 444 1570 454
1568 1366 1570 1377
1568 1389 1570 1398
1569 1648 1571 1655
1569 1620 1572 1648
1569 787 1573 791
1569 141 1583 145
1569 768 1593 772
1570 1367 1573 1369
1572 1642 1577 1648
1572 1613 1580 1642
1573 1389 1579 1393
1573 772 1593 793
1573 805 1593 812
1573 823 1593 835
1574 160 1583 176
1575 -1329 1578 -1322
1575 -1308 1578 -1287
1577 1564 1578 1572
1578 1564 1580 1573
1580 1564 1587 1572
1582 177 1587 191
1582 754 1593 759
1583 818 1593 842
1584 -23 1593 -19
1587 177 1595 186
1590 -284 1593 -268
1593 825 1596 835
1593 787 1597 791
1593 823 1597 825
1593 -296 1601 -284
1593 -283 1601 -268
1593 -284 1609 -283
1596 825 1597 842
1597 825 1604 835
1597 641 1605 646
1598 2905 1600 2917
1598 -553 1601 -546
1601 1420 1605 1426
1604 675 1611 676
1605 677 1611 682
1609 -285 1613 -268
1614 -2605 1620 -2598
1620 1379 1624 1398
1620 1401 1630 1407
1624 1328 1628 1332
1624 1381 1631 1398
1624 1354 1654 1381
1626 1429 1630 1437
1626 -285 1631 -283
1626 675 1644 676
1626 677 1644 698
1628 1323 1654 1341
1641 1434 1643 1437
1643 1429 1644 1442
1644 1423 1654 1429
1644 1442 1654 1453
1644 1429 1660 1434
1644 -2611 1667 -2598
1644 1434 1674 1442
1645 1386 1653 1387
1654 1328 1656 1332
1654 1355 1678 1370
1658 -1071 1665 -1063
1659 -1490 1662 -1468
1664 1323 1666 1334
1667 -2613 1668 -2611
1667 -2601 1668 -2598
1667 -2611 1692 -2601
1678 1354 1679 1375
1678 1376 1679 1381
1679 1399 1688 1401
1679 1324 1697 1354
1679 1354 1700 1398
1689 -2601 1694 -2598
1697 1299 1699 1354
1700 1376 1717 1381
1723 -1562 1725 -1553
1723 -1570 1727 -1562
1725 -1562 1727 -1548
1727 -1562 1737 -1553
1731 -1036 1756 -1029
1761 -1509 1764 -1506
1841 973 1845 975
1879 -2386 1901 -2365
1926 2114 1940 2122
1997 -2080 2001 -2079
2001 -2084 2004 -2074
2004 -2069 2005 -2059
2004 -2084 2007 -2069
2005 -2069 2007 -2054
2007 -2079 2016 -2074
2007 -2084 2019 -2079
2007 -2069 2019 -2059
2035 2522 2056 2528
2042 -2105 2044 -2079
2044 2510 2056 2518
2087 2340 2088 2343
2097 -1142 2101 -1125
2152 2448 2170 2462
2170 -966 2171 -962
2183 -2471 2195 -2452
2188 224 2199 242
2214 -346 2217 -334
2259 180 2271 187
2259 194 2271 230
2271 180 2302 194
2271 200 2302 230
2271 194 2307 200
2278 1793 2290 1801
2311 -727 2316 -721
2311 1809 2321 1812
2311 1799 2323 1801
2323 1564 2340 1569
2325 1720 2334 1722
2353 1562 2361 1569
2354 349 2362 354
2370 -31 2388 -18
2430 819 2447 826
2434 762 2491 776
2436 833 2439 837
2447 786 2471 798
2447 800 2471 836
2467 727 2491 743
2471 819 2485 826
2484 -2048 2486 -2035
2484 -2032 2486 -2027
2490 -2065 2494 -2050
2492 -1483 2502 -1472
2492 -1523 2513 -1483
2500 -1809 2502 -1775
2500 -1587 2505 -1582
2502 -1465 2503 -1464
2502 -1483 2506 -1470
2503 -1464 2540 -1461
2503 -1467 2551 -1464
2506 -1483 2540 -1467
2511 -2040 2522 -2035
2517 -2009 2532 -2005
2518 2235 2520 2243
2522 -2071 2525 -2034
2525 2306 2548 2322
2529 -2406 2556 -2400
2532 2254 2541 2261
2552 376 2554 380
2554 -1467 2564 -1464
2554 -1483 2568 -1467
2556 -2412 2576 -2400
2563 -1772 2566 -1757
2564 -1467 2604 -1464
2570 -1536 2571 -1524
2570 -1509 2571 -1478
2574 -2652 2598 -2647
2574 -2671 2605 -2655
2575 -1772 2585 -1754
2598 -523 2604 -514
2610 -545 2616 -533
2610 -523 2616 -505
2611 -1467 2612 -1464
2613 -2693 2633 -2681
2613 -2680 2633 -2675
2615 -1278 2624 -1272
2630 125 2648 134
2633 -2675 2643 -2658
2633 -2681 2649 -2675
2633 -2696 2663 -2681
2648 125 2655 130
2655 -151 2658 -148
2655 113 2660 125
2655 125 2667 133
2694 157 2696 167
2706 193 2707 207
3050 -43 3053 -28
3050 -68 3056 -43
3053 -43 3056 -23
3159 -125 3163 -123
