0 222 3 238
1 288 10 310
1 418 13 424
5 42 23 50
9 81 10 87
10 265 19 270
10 8 29 11
17 4 18 6
17 89 28 113
18 159 21 167
18 400 37 421
19 383 25 401
19 313 30 315
19 210 35 233
19 176 42 190
21 154 25 170
21 63 28 76
21 176 285 272
23 199 25 223
23 378 30 395
24 235 221 580
27 13 47 16
28 389 313 700
29 194 50 195
30 294 51 310
32 41 41 43
32 379 44 399
32 108 48 127
33 68 35 89
33 473 43 489
33 362 171 851
35 432 46 433
35 474 59 491
36 56 38 64
37 197 62 200
39 239 263 472
41 460 55 463
42 408 46 409
42 215 51 239
46 115 52 125
46 438 106 474
48 10 51 24
48 289 60 300
50 292 61 299
50 252 376 547
51 450 56 459
54 284 73 296
54 90 75 93
54 108 254 171
55 37 78 48
56 20 62 31
57 285 75 303
64 489 72 499
64 320 80 324
66 36 79 53
70 384 87 404
70 339 221 832
71 170 89 177
71 349 93 369
71 356 454 616
72 44 82 45
73 196 75 213
73 79 96 103
73 133 199 461
75 373 82 385
75 120 455 291
76 312 88 330
76 366 98 378
76 454 435 673
78 299 89 303
79 353 95 364
80 190 99 205
81 444 88 469
84 170 93 177
85 300 96 313
86 116 90 132
86 222 109 236
88 247 113 251
88 40 222 421
89 311 113 319
93 446 107 455
96 242 112 246
99 87 100 104
99 151 102 171
99 310 104 316
100 66 114 77
101 10 108 34
103 318 112 334
104 198 106 216
104 222 195 547
105 47 106 48
105 319 113 340
107 57 111 66
107 215 118 231
110 45 132 48
110 133 135 136
112 38 129 57
112 371 135 392
113 246 119 263
113 491 128 504
114 306 116 328
114 380 127 402
114 100 135 107
116 144 119 164
116 354 134 368
117 437 139 455
118 102 122 103
118 394 129 403
118 461 129 477
118 262 131 268
118 77 137 79
119 474 132 480
119 417 140 434
119 288 561 589
120 248 134 266
125 130 150 151
126 148 147 164
129 266 132 286
129 420 144 421
129 221 152 223
130 129 133 152
130 448 153 464
131 500 133 503
133 361 136 367
133 465 155 478
134 238 144 261
134 212 146 220
134 272 147 290
134 422 154 439
136 440 154 442
137 258 155 281
138 164 139 188
139 18 158 38
143 23 144 33
143 101 153 124
143 484 158 508
143 497 158 506
143 4 160 25
145 358 156 383
148 81 154 97
150 245 154 249
150 293 163 299
151 156 152 161
151 10 162 31
151 444 167 451
153 268 165 283
154 384 176 393
156 294 159 297
158 85 171 103
159 304 355 784
160 58 180 66
160 97 182 117
160 259 522 289
162 439 170 464
163 78 389 281
164 117 169 132
164 68 189 82
166 483 169 504
166 404 181 410
166 215 182 225
167 267 173 284
169 59 188 76
170 164 172 180
170 111 177 130
170 88 190 99
170 473 289 847
171 420 185 436
174 108 184 113
175 7 184 10
176 392 199 409
177 35 184 38
177 109 184 125
178 177 196 186
180 245 201 261
181 405 206 422
182 134 189 145
185 489 196 494
186 244 208 268
187 445 206 469
189 215 208 225
192 285 214 291
196 109 347 337
197 66 218 85
197 478 228 580
197 317 314 771
198 68 204 73
198 482 212 501
199 480 219 484
199 389 224 408
199 81 240 195
199 476 608 675
200 397 202 402
203 225 206 249
203 144 222 164
203 316 227 338
204 451 577 840
205 102 216 121
207 466 227 485
207 357 228 365
207 372 278 776
207 82 478 535
211 232 222 253
215 128 218 133
216 325 217 343
216 400 217 418
216 127 220 152
216 347 226 355
216 165 229 182
219 122 238 125
219 464 650 749
220 325 240 328
221 297 235 309
223 104 247 122
224 244 227 254
224 432 239 457
225 186 233 204
230 240 231 257
232 243 251 248
233 253 236 271
234 443 255 446
235 21 239 45
236 199 246 222
238 73 241 96
239 236 245 257
239 348 252 350
240 332 252 349
242 482 249 494
242 11 258 32
242 266 260 270
243 170 261 186
244 322 247 332
245 341 246 343
246 11 282 486
246 228 460 716
246 61 718 223
247 494 249 499
248 265 263 277
248 35 269 36
249 477 268 481
251 384 258 402
252 394 256 408
252 117 262 126
253 469 263 488
253 253 271 265
253 376 647 456
254 241 271 264
254 316 271 332
255 217 268 228
255 299 400 437
257 400 259 413
258 284 264 293
259 198 269 202
260 347 283 372
262 64 284 68
263 66 272 82
263 196 272 220
263 483 278 488
264 134 279 146
264 490 286 504
266 122 290 138
266 256 290 274
267 309 272 334
272 43 292 48
274 105 290 120
275 266 291 273
276 332 284 334
279 111 302 131
280 365 295 382
280 8 297 23
282 495 304 499
282 159 305 163
283 398 296 406
284 101 287 102
285 296 306 297
286 369 287 374
287 234 306 243
289 175 306 197
294 319 303 342
294 82 307 106
295 155 316 175
297 194 312 210
298 67 307 86
298 25 535 209
300 65 305 67
301 196 308 199
302 451 306 467
302 295 591 490
303 493 314 494
303 303 325 315
303 420 565 856
304 449 308 457
304 411 511 673
305 253 329 275
305 454 686 479
306 493 319 508
307 292 321 293
308 387 760 745
310 327 317 347
310 302 320 321
310 457 324 473
312 81 332 100
313 258 315 275
315 331 323 356
315 382 332 399
315 134 337 156
316 452 322 474
319 5 321 20
319 32 329 48
319 150 337 167
319 429 344 451
320 221 422 282
321 335 323 339
321 427 342 439
322 131 323 150
323 327 324 337
323 166 325 184
323 146 342 151
324 230 336 252
324 210 349 231
325 395 349 398
327 408 405 673
328 100 331 102
328 48 350 72
328 344 352 363
329 125 351 150
331 437 333 440
331 392 353 415
333 287 339 288
334 57 344 74
334 225 348 249
336 196 352 202
337 304 355 314
337 335 362 337
338 310 346 328
338 256 358 264
339 457 343 471
339 356 345 364
340 439 344 460
340 190 349 207
341 24 345 31
341 381 355 382
345 72 364 83
345 469 369 493
347 116 359 137
347 273 362 291
347 493 366 503
347 336 367 353
347 73 380 116
348 276 370 289
352 323 354 333
354 319 358 341
354 283 370 292
354 260 379 273
355 191 370 195
355 252 375 270
355 444 376 446
356 127 359 141
356 468 360 486
357 255 362 273
358 192 362 207
358 114 369 115
358 295 372 312
360 449 381 451
360 296 383 300
362 316 409 741
364 349 377 353
364 446 377 466
367 90 373 113
367 202 389 219
368 427 379 442
369 162 376 165
369 233 381 234
370 151 374 171
370 389 382 409
371 204 384 224
372 199 374 204
372 346 378 368
372 194 385 201
373 160 385 169
373 321 390 340
375 322 377 344
377 120 379 132
377 348 830 463
379 25 386 36
379 24 389 48
379 222 395 246
380 238 399 249
380 344 504 560
382 69 384 86
382 270 396 285
382 370 403 394
383 203 396 212
384 148 398 162
384 55 399 56
384 312 399 329
384 355 399 380
384 379 403 390
385 184 392 207
385 24 410 25
386 252 389 272
386 196 393 203
386 320 405 325
387 477 403 483
388 274 402 299
388 344 406 348
389 170 397 195
390 448 395 464
390 224 400 234
391 348 392 360
391 158 395 163
391 481 408 503
392 203 732 629
396 383 403 389
396 216 417 237
398 155 403 178
401 40 424 51
402 55 410 63
402 127 418 147
402 81 656 236
404 65 427 82
406 130 412 150
407 117 416 141
408 415 420 440
409 333 422 345
409 240 429 255
412 219 419 233
413 482 431 488
413 264 434 283
416 489 437 498
417 161 433 171
423 225 429 240
424 208 426 232
426 186 436 198
427 369 438 376
428 457 440 474
429 16 430 39
429 397 450 414
431 380 435 404
431 413 446 422
432 279 451 280
433 245 438 265
433 142 451 147
434 417 454 419
435 23 436 34
435 494 445 508
436 152 459 170
438 142 518 535
439 241 448 249
441 91 454 94
444 493 452 513
445 284 467 308
446 69 459 91
447 250 451 252
449 281 463 287
450 284 466 292
452 435 456 442
453 349 463 354
454 486 475 498
455 430 462 438
455 2 477 22
456 436 458 456
458 118 463 132
458 409 575 604
459 186 470 201
461 185 480 206
462 209 485 214
463 499 470 514
463 366 486 370
464 29 484 45
464 271 488 288
465 115 467 133
470 133 489 138
470 490 494 507
473 271 493 282
480 486 494 492
481 246 498 255
482 132 491 154
482 438 505 444
484 42 493 64
484 422 502 437
485 30 500 36
485 235 504 249
487 169 494 170
487 358 499 382
487 164 510 180
488 410 513 413
490 344 498 353
492 260 493 274
492 205 495 229
492 389 496 413
492 472 498 488
492 21 500 34
492 149 510 163
492 411 746 647
493 291 514 311
496 93 498 106
496 252 515 260
498 198 504 206
499 88 521 113
500 7 577 292
